0.5876,0.88425,-0.00005;0.67839,0.77524,0.02337;0.67691,0.64562,-0.07604;0.63974,0.53087,-0.17112;0.64286,0.44917,-0.25571;0.76048,0.62781,-0.46365;0.69611,0.50463,-0.64042;0.68524,0.44235,-0.67689;0.70181,0.39023,-0.71673;0.66563,0.65462,-0.53148;0.50484,0.51136,-0.6567;0.42941,0.55788,-0.52391;0.42994,0.60178,-0.44386;0.54831,0.68345,-0.58762;0.39619,0.55606,-0.64654;0.35241,0.59982,-0.45748;0.37782,0.63542,-0.34193;0.41523,0.70988,-0.65893;0.30848,0.58491,-0.87434;0.26974,0.50118,-1.03412;0.25691,0.42717,-1.15108;
0.71823,0.94197,-0.00017;0.54383,0.8725,-0.07014;0.47253,0.79085,-0.25746;0.44046,0.72074,-0.38744;0.45307,0.64487,-0.5063;0.53713,0.81605,-0.67365;0.51505,0.66924,-0.9214;0.49062,0.56485,-1.04126;0.47803,0.48527,-1.10458;0.64472,0.82001,-0.68606;0.63048,0.65804,-1.01652;0.59378,0.54529,-1.14288;0.57573,0.45197,-1.25724;0.74667,0.82479,-0.65877;0.7696,0.66514,-0.93361;0.72135,0.54274,-1.06469;0.68236,0.44418,-1.17383;0.82564,0.82454,-0.60134;0.79994,0.7059,-0.73047;0.75322,0.63413,-0.76727;0.71623,0.56915,-0.81889;
0.72988,0.9011,-0.00005;0.57329,0.84364,-0.06945;0.52347,0.78215,-0.21534;0.528,0.73312,-0.30366;0.5443,0.6865,-0.39208;0.54287,0.81343,-0.56838;0.47329,0.72698,-0.80363;0.42842,0.65133,-0.9827;0.39541,0.58326,-1.11271;0.65883,0.81512,-0.58997;0.65575,0.70637,-0.92357;0.65312,0.6119,-1.15674;0.66066,0.51569,-1.36228;0.7703,0.8135,-0.57503;0.799,0.70779,-0.84588;0.77771,0.60792,-1.03551;0.7661,0.51511,-1.17632;0.85511,0.81322,-0.52272;0.85948,0.74338,-0.62221;0.83357,0.6999,-0.64194;0.80912,0.65989,-0.67453;
0.74861,0.92534,-0.00022;0.57593,0.84838,0.03769;0.51857,0.75777,-0.05411;0.53026,0.67964,-0.11514;0.57707,0.61726,-0.18146;0.493,0.78601,-0.48485;0.40108,0.6554,-0.71709;0.35969,0.55928,-0.84851;0.33954,0.47974,-0.91754;0.61313,0.79969,-0.53017;0.60531,0.63593,-0.78804;0.61179,0.51464,-0.87487;0.62016,0.41726,-0.93864;0.75195,0.815,-0.53861;0.80452,0.65853,-0.75254;0.83862,0.54186,-0.84791;0.8489,0.45262,-0.92061;0.88089,0.82921,-0.51827;0.9696,0.72854,-0.61765;1.01891,0.67988,-0.62369;1.04632,0.64457,-0.64639;
0.72986,0.85413,-0.00002;0.62163,0.80504,-0.07525;0.58144,0.75386,-0.198;0.57398,0.72253,-0.28451;0.57876,0.68854,-0.35517;0.60111,0.75265,-0.43593;0.57213,0.67288,-0.61765;0.55495,0.61717,-0.72051;0.54239,0.56784,-0.78518;0.67949,0.76781,-0.45279;0.68653,0.68589,-0.69389;0.68428,0.62211,-0.84135;0.68192,0.56111,-0.96254;0.75402,0.78583,-0.44961;0.77565,0.70824,-0.63703;0.75445,0.63614,-0.76744;0.73312,0.57453,-0.87488;0.81822,0.80461,-0.4297;0.83618,0.74865,-0.50325;0.82717,0.70662,-0.54615;0.80975,0.66919,-0.58895;
0.76475,0.83316,-0.00012;0.60863,0.77238,-0.00251;0.55866,0.6985,-0.10076;0.56523,0.62841,-0.17235;0.5934,0.56847,-0.23732;0.54916,0.71796,-0.4199;0.46868,0.60203,-0.61493;0.42442,0.51811,-0.71235;0.40172,0.446,-0.76087;0.65972,0.7179,-0.44093;0.63403,0.57787,-0.6803;0.62629,0.47444,-0.7659;0.63066,0.39275,-0.81662;0.77636,0.71475,-0.43493;0.82711,0.57286,-0.62504;0.84106,0.47614,-0.71478;0.83952,0.40171,-0.76519;0.87461,0.70539,-0.40109;0.90872,0.60025,-0.47696;0.90539,0.55129,-0.4705;0.89429,0.51445,-0.46482;
0.74879,0.9634,-0.00022;0.4628,0.92439,0.06752;0.30158,0.85823,0.10387;0.17225,0.79769,0.15408;0.07266,0.76127,0.21564;0.51119,0.67293,0.0077;0.42888,0.51209,-0.00004;0.38929,0.41593,-0.0368;0.35904,0.34673,-0.04788;0.65212,0.66359,0.05445;0.64256,0.48403,0.04204;0.63831,0.37074,0.02321;0.63766,0.28758,-0.00859;0.77908,0.68289,0.12724;0.82815,0.52716,0.14821;0.86,0.4242,0.14277;0.88804,0.34123,0.12514;0.88088,0.72032,0.21736;0.94649,0.61781,0.27729;0.98203,0.56171,0.31017;1.01202,0.5136,0.31361;
0.71413,0.7523,-0.00024;0.77406,0.68587,-0.06718;0.7893,0.62183,-0.20715;0.77324,0.5654,-0.30283;0.76649,0.52018,-0.39186;0.79575,0.64309,-0.56581;0.82651,0.5386,-0.73694;0.83499,0.46046,-0.7988;0.8377,0.39214,-0.8422;0.7421,0.6596,-0.58501;0.77407,0.54765,-0.84671;0.77642,0.45376,-0.96749;0.77439,0.37096,-1.07949;0.68211,0.67986,-0.55446;0.666,0.57554,-0.79049;0.63985,0.48263,-0.93835;0.62805,0.4066,-1.0602;0.62229,0.69718,-0.50395;0.57841,0.62756,-0.64555;0.54749,0.57161,-0.72153;0.52727,0.51725,-0.80196;
0.75937,0.9786,-0.00015;0.46655,0.92974,0.0299;0.30547,0.85843,0.06858;0.17263,0.79541,0.1323;0.06197,0.75956,0.21123;0.53772,0.67908,-0.01845;0.45173,0.51889,-0.02607;0.41394,0.42321,-0.0458;0.38762,0.35228,-0.04514;0.67578,0.66942,0.06077;0.65693,0.4896,0.04937;0.65112,0.3813,0.04185;0.65377,0.29944,0.0315;0.7896,0.68624,0.16094;0.83187,0.53555,0.1781;0.86486,0.44332,0.17947;0.89327,0.3658,0.17776;0.87307,0.71927,0.27341;0.94254,0.62873,0.32527;0.98256,0.58366,0.35037;1.01327,0.54314,0.35834;
0.70175,0.70283,-0.00011;0.6495,0.65014,-0.08093;0.63615,0.59663,-0.21361;0.65019,0.55511,-0.30551;0.68927,0.5271,-0.38333;0.62268,0.61064,-0.47721;0.60195,0.53147,-0.65223;0.58212,0.46614,-0.74994;0.5622,0.4094,-0.8126;0.68286,0.63024,-0.48029;0.69423,0.53108,-0.70277;0.69076,0.44775,-0.82339;0.68478,0.37613,-0.9288;0.7468,0.6479,-0.45364;0.76622,0.55261,-0.62836;0.77553,0.46626,-0.73219;0.77557,0.39377,-0.82224;0.79813,0.66053,-0.40886;0.81133,0.58695,-0.4592;0.81146,0.53931,-0.46581;0.80256,0.49924,-0.49732;
0.74411,0.93633,-0.00011;0.47055,0.8953,0.0249;0.30206,0.81906,0.04741;0.16696,0.75269,0.08141;0.05408,0.71187,0.13095;0.52664,0.63645,-0.01119;0.43483,0.48271,-0.0265;0.39297,0.39008,-0.04817;0.36026,0.32106,-0.04368;0.66908,0.62483,0.04387;0.64825,0.44903,0.03007;0.63454,0.34378,0.02857;0.62451,0.26536,0.03033;0.78733,0.64245,0.12042;0.83277,0.49058,0.13727;0.8622,0.39837,0.14114;0.88685,0.32151,0.14491;0.87298,0.6788,0.2055;0.93094,0.58491,0.25828;0.95507,0.53867,0.28397;0.97261,0.4983,0.29803;
0.70305,0.92942,-0.00005;0.43526,0.87515,0.08028;0.28164,0.80055,0.12707;0.16275,0.73188,0.17325;0.0662,0.69681,0.23023;0.49641,0.62983,0.07107;0.40921,0.48178,0.09113;0.37195,0.3915,0.08246;0.34493,0.32649,0.08162;0.6274,0.6184,0.09787;0.60607,0.44841,0.11058;0.59261,0.34631,0.10422;0.5826,0.27291,0.09397;0.73724,0.63219,0.14586;0.77421,0.48598,0.1916;0.79185,0.39487,0.20831;0.80687,0.32661,0.21682;0.82513,0.66352,0.20561;0.8899,0.56426,0.26027;0.91865,0.50498,0.28464;0.94049,0.45508,0.29603;
0.70629,0.92803,-0.00019;0.45217,0.87212,0.1064;0.3048,0.80113,0.16749;0.19361,0.73589,0.22155;0.10779,0.70375,0.29006;0.50782,0.6323,0.13402;0.43203,0.49533,0.17813;0.39972,0.41046,0.18229;0.37568,0.35138,0.18783;0.63139,0.6226,0.14536;0.61249,0.46067,0.17646;0.60247,0.36646,0.17244;0.59237,0.29911,0.16828;0.73674,0.6363,0.17437;0.76273,0.49712,0.23438;0.77206,0.41298,0.25484;0.77845,0.35073,0.26911;0.82342,0.66767,0.21768;0.8827,0.57455,0.27717;0.908,0.51778,0.30278;0.9248,0.47217,0.31986;
0.70942,0.87335,-0.00016;0.47816,0.81744,0.07303;0.33364,0.75357,0.11974;0.22897,0.69602,0.16063;0.1514,0.6683,0.21451;0.52415,0.60037,0.12976;0.45504,0.48284,0.17886;0.42317,0.41049,0.19319;0.4005,0.36042,0.20364;0.63342,0.59351,0.15114;0.61047,0.45089,0.19221;0.59762,0.37063,0.19337;0.58788,0.31149,0.19607;0.72665,0.6062,0.18179;0.74423,0.48519,0.24514;0.7521,0.41223,0.26753;0.7563,0.35567,0.28453;0.8035,0.63481,0.22217;0.85572,0.55517,0.27668;0.88068,0.50657,0.29568;0.89506,0.46687,0.30949;
0.70476,0.80374,-0.0002;0.50635,0.75794,0.04128;0.38042,0.69821,0.07384;0.29185,0.64849,0.10551;0.22537,0.62833,0.14815;0.55733,0.56342,0.09965;0.49705,0.46005,0.13863;0.46623,0.3959,0.14062;0.44557,0.35229,0.14405;0.65307,0.5596,0.12534;0.63053,0.4378,0.16399;0.61612,0.36582,0.15905;0.60669,0.3123,0.15657;0.73294,0.57378,0.15947;0.75054,0.47077,0.21261;0.75926,0.40594,0.2259;0.76448,0.35663,0.2395;0.79588,0.60109,0.1987;0.84494,0.53361,0.24531;0.87235,0.49125,0.25822;0.89113,0.45625,0.26992;
0.7055,0.78834,-0.00014;0.51803,0.75193,0.03815;0.40145,0.695,0.06452;0.31659,0.64647,0.08551;0.24908,0.62626,0.11257;0.562,0.56382,0.07433;0.51373,0.46269,0.08921;0.49146,0.40093,0.07767;0.4746,0.35722,0.07472;0.65887,0.55882,0.08326;0.64462,0.44154,0.10089;0.64045,0.37188,0.08592;0.63682,0.32007,0.07672;0.74055,0.57286,0.10004;0.7625,0.47194,0.12867;0.78077,0.40822,0.12838;0.79392,0.35808,0.12822;0.8069,0.60126,0.12245;0.85574,0.53508,0.14663;0.88304,0.49384,0.14863;0.9013,0.45819,0.15306;
0.6953,0.75432,-0.00013;0.51322,0.71502,0.04505;0.40241,0.66184,0.07519;0.32123,0.61628,0.09811;0.25572,0.59933,0.1262;0.55481,0.53535,0.09054;0.50734,0.43772,0.11356;0.4871,0.37755,0.10793;0.47292,0.33593,0.10955;0.65051,0.53223,0.09843;0.63653,0.41803,0.11941;0.63269,0.34997,0.10577;0.62751,0.29902,0.09656;0.73283,0.54679,0.114;0.7585,0.45041,0.14681;0.77709,0.38876,0.14806;0.7879,0.33993,0.15053;0.80015,0.57473,0.13591;0.85101,0.51253,0.16456;0.87926,0.47248,0.16851;0.89745,0.43755,0.17292;
0.67247,0.71549,-0.00014;0.50488,0.67914,0.03967;0.39764,0.62794,0.05305;0.31949,0.58555,0.0627;0.25646,0.5713,0.07334;0.53714,0.51203,0.04066;0.49476,0.41774,0.04191;0.47968,0.36042,0.02545;0.46922,0.32025,0.02073;0.63356,0.50922,0.04063;0.62509,0.40077,0.04051;0.62642,0.33538,0.01569;0.62608,0.28696,-0.00015;0.71513,0.52309,0.05226;0.73732,0.43153,0.06729;0.75267,0.37353,0.06641;0.76119,0.32807,0.06845;0.78277,0.5489,0.06992;0.83034,0.48704,0.08716;0.85466,0.44927,0.0939;0.86806,0.41645,0.10203;
0.67186,0.69597,-0.00011;0.50558,0.66467,0.04044;0.40049,0.61644,0.06322;0.32104,0.57559,0.08078;0.25664,0.56292,0.10011;0.54056,0.50235,0.05996;0.49875,0.40985,0.0678;0.48548,0.3539,0.05514;0.47571,0.3145,0.05095;0.636,0.49774,0.06227;0.62648,0.39235,0.07049;0.62684,0.3274,0.05055;0.62674,0.28004,0.03485;0.71808,0.51016,0.07384;0.73932,0.42083,0.09103;0.75519,0.3635,0.09033;0.76584,0.31966,0.0904;0.78584,0.5348,0.09206;0.83122,0.47664,0.11234;0.85668,0.4403,0.12071;0.87268,0.40887,0.12813;
0.66797,0.67418,-0.00009;0.51129,0.64254,0.00288;0.4082,0.59598,0.00209;0.33268,0.55765,-0.0017;0.26758,0.54656,-0.00981;0.54486,0.4853,0.00728;0.50681,0.39661,-0.01101;0.49265,0.34172,-0.03959;0.48233,0.30103,-0.05453;0.6388,0.48126,0.00833;0.63225,0.38173,-0.00305;0.63266,0.31996,-0.03801;0.63268,0.27319,-0.06395;0.71962,0.4934,0.01567;0.73764,0.40858,0.01397;0.75145,0.35467,-0.0045;0.76074,0.31179,-0.01679;0.78842,0.51753,0.02434;0.83186,0.46199,0.02606;0.85438,0.42686,0.01744;0.86715,0.3949,0.01116;
0.66839,0.65305,-0.0001;0.51773,0.62405,0.01201;0.41953,0.58039,0.0157;0.34975,0.54396,0.01512;0.28996,0.53194,0.01246;0.5515,0.47525,0.01467;0.51707,0.39061,-0.00167;0.50366,0.33797,-0.02719;0.49349,0.29936,-0.04039;0.64282,0.47119,0.01196;0.63787,0.37644,0.0015;0.63901,0.31702,-0.03169;0.63995,0.2723,-0.05849;0.72129,0.48355,0.01567;0.7401,0.40232,0.01247;0.75445,0.34983,-0.00483;0.7652,0.30836,-0.01759;0.7879,0.50802,0.02272;0.83091,0.45473,0.0246;0.85286,0.42055,0.0175;0.86595,0.38956,0.01052;
0.65899,0.63129,-0.00011;0.51201,0.60578,0.0264;0.42027,0.56453,0.04017;0.35724,0.52835,0.04915;0.30172,0.51484,0.05971;0.54226,0.46351,0.0325;0.51146,0.3823,0.0269;0.50095,0.33202,0.01133;0.49322,0.29566,0.00382;0.63142,0.45903,0.02825;0.62592,0.36681,0.02365;0.62723,0.31073,-0.00129;0.62818,0.26833,-0.02229;0.70706,0.47022,0.03067;0.7236,0.39033,0.03298;0.73615,0.34069,0.02414;0.7458,0.30138,0.01752;0.77152,0.49331,0.03807;0.81106,0.44068,0.04433;0.83197,0.40774,0.04414;0.84488,0.37889,0.04265;
0.65414,0.61167,-0.00011;0.51618,0.58665,-0.00302;0.42783,0.54752,-0.0006;0.36819,0.51462,-0.0029;0.31528,0.50393,-0.00731;0.54171,0.45205,0.01065;0.51187,0.37646,-0.00775;0.49981,0.3302,-0.03316;0.49066,0.29502,-0.04743;0.62446,0.44788,0.00782;0.62038,0.36266,-0.00361;0.62202,0.3103,-0.0382;0.62396,0.26995,-0.06814;0.6958,0.45903,0.00659;0.71242,0.38532,-0.00135;0.72662,0.3387,-0.02391;0.73783,0.30124,-0.04251;0.75745,0.48168,0.00613;0.7961,0.43449,-0.00076;0.81626,0.40467,-0.01455;0.82808,0.3778,-0.02811;
0.63192,0.59606,-0.00012;0.49753,0.57373,-0.00186;0.41501,0.53711,0.00626;0.35723,0.50611,0.00941;0.30673,0.49676,0.01147;0.52314,0.44399,0.03517;0.495,0.37267,0.0266;0.48223,0.32853,0.00322;0.4725,0.29591,-0.01084;0.60121,0.44014,0.03335;0.59758,0.35946,0.03131;0.59695,0.31025,-0.00051;0.59652,0.27242,-0.02878;0.66839,0.45092,0.03131;0.68614,0.38089,0.02919;0.6993,0.33725,0.00793;0.70989,0.30223,-0.00894;0.72565,0.47263,0.02924;0.76369,0.42806,0.02364;0.7839,0.39975,0.01093;0.7969,0.37398,-0.00003;
0.62545,0.57618,-0.00008;0.49405,0.55578,0.00703;0.41415,0.52255,0.02096;0.35646,0.49284,0.02854;0.30555,0.48328,0.03568;0.51862,0.43223,0.05257;0.49064,0.36251,0.04905;0.47876,0.31925,0.0308;0.47014,0.2875,0.01906;0.59467,0.42764,0.04993;0.58987,0.34911,0.05297;0.58988,0.30082,0.02476;0.59042,0.26424,-0.00119;0.66106,0.43739,0.04693;0.67706,0.36904,0.05069;0.68951,0.32674,0.03303;0.69994,0.29267,0.0179;0.71781,0.45793,0.04411;0.75319,0.41457,0.0458;0.772,0.38721,0.03672;0.7842,0.36203,0.02721;
0.62066,0.56767,-0.00009;0.4958,0.54865,-0.00529;0.4152,0.51669,0.00041;0.35879,0.48866,0.0022;0.30983,0.47919,0.00273;0.51517,0.43012,0.03076;0.48715,0.36433,0.0202;0.47473,0.3232,-0.00101;0.46586,0.29207,-0.01442;0.58795,0.42508,0.03027;0.58119,0.35134,0.0269;0.57971,0.3055,-0.00366;0.57976,0.27029,-0.03127;0.65203,0.43407,0.02887;0.66526,0.36982,0.02711;0.67596,0.32978,0.00757;0.68449,0.29728,-0.00971;0.7078,0.45346,0.02579;0.74085,0.41226,0.02183;0.75654,0.38608,0.0093;0.76455,0.36186,-0.00336;
0.61568,0.55895,-0.0001;0.49844,0.54046,-0.01452;0.42053,0.51087,-0.01597;0.36598,0.48472,-0.01977;0.31827,0.4758,-0.02505;0.51328,0.42806,0.01568;0.48663,0.367,0.0006;0.475,0.3285,-0.02164;0.46708,0.29856,-0.03573;0.58216,0.42275,0.017;0.57587,0.35412,0.01115;0.57524,0.31201,-0.01835;0.57639,0.27949,-0.04328;0.64352,0.43077,0.01684;0.65607,0.3709,0.01349;0.66604,0.33392,-0.00427;0.6738,0.30411,-0.0194;0.69816,0.44888,0.01354;0.73055,0.41144,0.00846;0.7456,0.38767,-0.00378;0.75364,0.36588,-0.01564;
0.63919,0.54711,-0.00009;0.52451,0.52968,0.02852;0.45701,0.50457,0.05149;0.40957,0.48253,0.0702;0.37014,0.47533,0.08897;0.54685,0.42784,0.08113;0.52349,0.37036,0.09087;0.51564,0.33349,0.08242;0.51028,0.30721,0.07569;0.6133,0.42401,0.07903;0.60969,0.35944,0.09645;0.61132,0.31943,0.08369;0.61397,0.2907,0.07272;0.67078,0.43243,0.07757;0.68594,0.37579,0.0967;0.697,0.34092,0.09734;0.70486,0.31431,0.0962;0.72,0.45009,0.07738;0.7518,0.41484,0.09393;0.76867,0.39408,0.09935;0.77765,0.37584,0.10157;
0.62494,0.53849,-0.00005;0.52449,0.52319,0.00526;0.46326,0.50023,0.01105;0.41909,0.47972,0.01302;0.37698,0.47231,0.01079;0.54748,0.42743,0.05623;0.52831,0.37585,0.06256;0.52103,0.34333,0.05165;0.51662,0.3188,0.04296;0.6098,0.42473,0.05333;0.60978,0.36657,0.0667;0.61038,0.33097,0.04716;0.61229,0.30376,0.03043;0.66387,0.43365,0.04744;0.68098,0.38246,0.05918;0.69152,0.3511,0.05162;0.69988,0.32611,0.04382;0.71033,0.45147,0.04195;0.74428,0.41978,0.04877;0.76331,0.40045,0.0476;0.77537,0.38314,0.0444;
0.59646,0.52216,-0.00005;0.50959,0.50634,-0.02824;0.45379,0.48405,-0.05285;0.41387,0.46409,-0.07982;0.37494,0.45538,-0.11209;0.5358,0.41182,-0.01997;0.52019,0.36483,-0.04215;0.5125,0.33573,-0.06816;0.50683,0.31188,-0.08653;0.59317,0.4111,-0.02728;0.59729,0.35668,-0.04299;0.59922,0.3238,-0.07901;0.60014,0.29698,-0.10668;0.6424,0.42243,-0.03665;0.66409,0.37429,-0.05171;0.67669,0.34493,-0.07741;0.68507,0.3192,-0.09849;0.68348,0.44228,-0.0477;0.72109,0.4126,-0.06547;0.74354,0.39217,-0.08351;0.75883,0.37127,-0.10017;
0.6292,0.49593,-0.00005;0.53484,0.48282,0.0089;0.47889,0.46169,0.01471;0.43854,0.44196,0.01733;0.40294,0.43557,0.01978;0.56217,0.39094,0.0381;0.54435,0.33889,0.0366;0.5388,0.30731,0.02508;0.5363,0.28445,0.01512;0.6215,0.3896,0.03264;0.6226,0.33135,0.03473;0.62589,0.29631,0.01554;0.63029,0.27057,0.00066;0.67143,0.39918,0.02784;0.68962,0.3487,0.03097;0.69994,0.31859,0.02332;0.70844,0.29457,0.01645;0.71302,0.41686,0.02422;0.74729,0.38534,0.02562;0.76672,0.36518,0.02177;0.78145,0.34541,0.01771;
0.66739,0.46331,-0.00004;0.56878,0.44669,0.02443;0.51141,0.42742,0.03854;0.47005,0.40939,0.04759;0.43539,0.40407,0.05853;0.59774,0.35695,0.06525;0.57835,0.30444,0.07716;0.57161,0.27238,0.0706;0.56819,0.25037,0.0634;0.65904,0.3559,0.0576;0.65919,0.29604,0.06982;0.66227,0.26075,0.05476;0.66508,0.23557,0.04174;0.7107,0.36532,0.05135;0.72872,0.31295,0.06528;0.73802,0.28186,0.06521;0.74477,0.2576,0.06287;0.7539,0.38269,0.04763;0.78724,0.34853,0.06069;0.80545,0.32714,0.06331;0.8181,0.30755,0.06314;
0.70063,0.43381,-0.00002;0.59191,0.41908,0.03611;0.53232,0.39996,0.06949;0.49032,0.38142,0.0971;0.45731,0.3764,0.13204;0.61692,0.32465,0.11505;0.59676,0.27158,0.14425;0.59168,0.23933,0.15118;0.5898,0.21785,0.15236;0.67869,0.32202,0.11238;0.67813,0.26184,0.14383;0.6791,0.22755,0.14214;0.68119,0.20307,0.14338;0.7316,0.33049,0.10852;0.74928,0.27818,0.1355;0.75809,0.24736,0.14399;0.7642,0.22304,0.15282;0.77681,0.34756,0.10673;0.8102,0.31539,0.12964;0.83175,0.29573,0.14014;0.84841,0.27726,0.14865;
0.711,0.41999,0.00001;0.59979,0.40776,0.02987;0.53415,0.39007,0.06143;0.48476,0.37316,0.08564;0.44142,0.36923,0.11319;0.61771,0.31239,0.13171;0.59393,0.25988,0.16389;0.58464,0.22779,0.16557;0.57857,0.20604,0.16251;0.67865,0.30949,0.13514;0.67437,0.25244,0.17494;0.67312,0.21843,0.1708;0.67431,0.19257,0.16705;0.73091,0.31777,0.13538;0.74426,0.2686,0.17027;0.75076,0.23932,0.18043;0.7555,0.21595,0.19202;0.77575,0.33411,0.13546;0.80458,0.30385,0.1632;0.82304,0.28557,0.17649;0.83612,0.26811,0.18787;
0.73524,0.41088,-0.00009;0.62371,0.39973,0.00794;0.55517,0.3806,0.02834;0.49698,0.37026,0.05354;0.45163,0.36899,0.08373;0.63783,0.29636,0.07058;0.61327,0.24322,0.10174;0.5997,0.21086,0.11426;0.58987,0.19144,0.12282;0.69444,0.29779,0.10964;0.67443,0.24402,0.15311;0.66317,0.21138,0.17093;0.65892,0.1911,0.18665;0.73576,0.30776,0.15165;0.72984,0.26584,0.20266;0.72208,0.24088,0.23936;0.71642,0.22497,0.26804;0.76394,0.32265,0.1913;0.76507,0.2972,0.24074;0.76545,0.28657,0.26628;0.76806,0.28034,0.28863;
0.77163,0.40659,-0.00014;0.64665,0.39678,-0.01219;0.56727,0.3713,-0.00383;0.5022,0.35916,0.0111;0.44622,0.35505,0.0306;0.65372,0.2791,0.04179;0.61611,0.2302,0.08467;0.59076,0.20111,0.10809;0.57264,0.18384,0.11957;0.70652,0.27975,0.09211;0.66857,0.22658,0.14564;0.63603,0.19778,0.17613;0.60919,0.17875,0.19774;0.73833,0.29046,0.14555;0.70548,0.25012,0.21079;0.67872,0.23654,0.26128;0.65902,0.23055,0.29795;0.75452,0.30553,0.19304;0.72582,0.27758,0.25098;0.70553,0.26684,0.28748;0.69311,0.26104,0.31718;
0.75294,0.38003,-0.00015;0.63809,0.35789,-0.02342;0.57173,0.32231,-0.00201;0.51831,0.3027,0.03466;0.45831,0.2948,0.08073;0.65942,0.24425,0.03148;0.60139,0.20087,0.09406;0.55553,0.18726,0.14473;0.52076,0.18153,0.17515;0.70203,0.24594,0.08647;0.64522,0.19862,0.15817;0.59722,0.18622,0.20478;0.56055,0.18124,0.23348;0.72537,0.2564,0.14054;0.67854,0.2154,0.21202;0.63909,0.20511,0.25826;0.61053,0.20298,0.28987;0.7384,0.27093,0.19089;0.69996,0.24327,0.25236;0.6703,0.23071,0.28654;0.64835,0.22317,0.31589;
0.73555,0.37338,-0.00012;0.63026,0.33702,-0.01013;0.58444,0.29423,0.04307;0.54557,0.27359,0.10792;0.50153,0.26344,0.17655;0.68905,0.22591,0.07325;0.59331,0.20608,0.14382;0.53461,0.21655,0.1702;0.50249,0.23184,0.18067;0.7227,0.23146,0.1196;0.63286,0.20926,0.19766;0.56921,0.22247,0.2143;0.53023,0.23784,0.21382;0.73802,0.24772,0.16307;0.66307,0.22894,0.22927;0.61132,0.24199,0.22584;0.58063,0.25903,0.22344;0.74754,0.26688,0.20445;0.6857,0.25548,0.24423;0.64769,0.26094,0.23937;0.62529,0.26895,0.23685;
0.73541,0.37036,-0.00007;0.61819,0.32855,-0.02336;0.5608,0.27966,0.02642;0.51869,0.25324,0.09239;0.4962,0.23746,0.16658;0.6824,0.20996,0.05318;0.58039,0.19261,0.12085;0.52688,0.2134,0.13465;0.5084,0.23188,0.13118;0.71918,0.21814,0.10106;0.61472,0.20812,0.18735;0.57043,0.23571,0.18685;0.56064,0.25908,0.17853;0.73757,0.23473,0.14912;0.6469,0.22298,0.22284;0.61089,0.24677,0.20141;0.60393,0.26794,0.18795;0.74926,0.25177,0.1949;0.68796,0.24817,0.2339;0.66465,0.26206,0.22574;0.66271,0.27465,0.2241;
0.71556,0.34508,-0.00011;0.61995,0.31727,-0.00418;0.57717,0.27711,0.04086;0.54256,0.25356,0.10012;0.50968,0.23836,0.16133;0.68522,0.21768,0.05343;0.58433,0.20837,0.11711;0.53127,0.21998,0.13992;0.49966,0.23366,0.14991;0.71983,0.22218,0.09281;0.61382,0.21381,0.16498;0.56473,0.23196,0.18087;0.54067,0.24909,0.18072;0.73812,0.23881,0.13227;0.64612,0.23003,0.18348;0.60515,0.24559,0.1729;0.58482,0.26134,0.16324;0.74869,0.25742,0.17129;0.67535,0.25186,0.20448;0.64471,0.2592,0.19965;0.63016,0.26728,0.19355;
0.71728,0.33982,-0.00011;0.62224,0.31045,-0.00539;0.57944,0.27107,0.03864;0.54626,0.24827,0.09561;0.51228,0.2331,0.15484;0.68607,0.21481,0.06339;0.58499,0.20679,0.12011;0.53076,0.21729,0.1378;0.49662,0.22957,0.14459;0.7164,0.2218,0.10103;0.61467,0.21298,0.1675;0.57087,0.23152,0.1756;0.54991,0.24811,0.17334;0.73147,0.23962,0.1379;0.64187,0.2312,0.18472;0.6055,0.24738,0.16541;0.58886,0.26214,0.14995;0.74028,0.25844,0.17553;0.66832,0.25411,0.20443;0.6423,0.26218,0.19522;0.63172,0.27019,0.18785;
0.73505,0.36628,-0.00007;0.62394,0.32084,-0.02932;0.57296,0.26992,0.01792;0.53264,0.24122,0.08287;0.50665,0.22371,0.15588;0.70206,0.20039,0.05442;0.58921,0.18775,0.12832;0.53541,0.21179,0.13758;0.51834,0.23097,0.12525;0.73482,0.21074,0.10671;0.62213,0.20479,0.1974;0.57894,0.23375,0.19282;0.56922,0.25662,0.17823;0.749,0.22983,0.15916;0.6544,0.22064,0.23604;0.61708,0.24366,0.20829;0.60675,0.264,0.19164;0.75754,0.24939,0.20841;0.69763,0.24421,0.24967;0.67352,0.25786,0.23903;0.66939,0.27031,0.23587;
0.73867,0.36807,-0.00013;0.62356,0.32392,0.00102;0.5744,0.27533,0.06223;0.53779,0.24805,0.13985;0.50682,0.23011,0.22172;0.70652,0.20645,0.08346;0.5982,0.19318,0.17823;0.54221,0.20828,0.21141;0.51688,0.2241,0.21995;0.74185,0.21558,0.12719;0.63193,0.20295,0.2256;0.5738,0.22266,0.23068;0.54988,0.24294,0.21306;0.75603,0.23362,0.17292;0.66064,0.2202,0.2539;0.6111,0.23866,0.23753;0.58968,0.26056,0.22028;0.76263,0.25283,0.21743;0.69297,0.24185,0.26097;0.65537,0.25077,0.25212;0.6373,0.26396,0.24165;
0.71042,0.32147,-0.00005;0.62635,0.29657,0.0394;0.58872,0.26439,0.10361;0.55595,0.24674,0.16037;0.51518,0.2347,0.21161;0.68739,0.21893,0.16641;0.60735,0.20955,0.2198;0.55443,0.21616,0.22937;0.51457,0.22612,0.23195;0.70618,0.22108,0.17346;0.62168,0.21136,0.23391;0.57899,0.22393,0.22848;0.5571,0.23559,0.22812;0.71471,0.23055,0.17636;0.63331,0.21946,0.21119;0.59969,0.23136,0.18191;0.58678,0.24055,0.17014;0.72046,0.24164,0.18348;0.64975,0.23727,0.20465;0.62911,0.24316,0.19011;0.6277,0.24617,0.18609;
0.74112,0.35052,-0.00012;0.6317,0.31442,-0.00325;0.58738,0.26865,0.04948;0.55295,0.24415,0.11597;0.52564,0.22944,0.18686;0.70836,0.20558,0.0687;0.59896,0.19581,0.14532;0.54522,0.20835,0.17197;0.51741,0.22255,0.18433;0.74357,0.21372,0.11177;0.63457,0.20538,0.19382;0.58674,0.22395,0.20643;0.56592,0.24075,0.20141;0.7596,0.23348,0.15502;0.66579,0.22369,0.21676;0.62434,0.23969,0.20133;0.60454,0.25602,0.18785;0.76662,0.25453,0.19802;0.69257,0.24717,0.23256;0.66082,0.2548,0.22181;0.64566,0.26333,0.21111;
0.75548,0.36529,-0.00009;0.63745,0.31836,-0.0298;0.58785,0.26391,0.0216;0.55037,0.23271,0.09554;0.53069,0.21844,0.18058;0.71437,0.19307,0.04667;0.60525,0.17429,0.12953;0.55468,0.19883,0.14249;0.5411,0.21804,0.128;0.75087,0.20215,0.09946;0.63777,0.19146,0.20477;0.59242,0.22025,0.20528;0.58196,0.24553,0.18522;0.76666,0.22062,0.15407;0.67063,0.20662,0.24272;0.63178,0.23176,0.227;0.62133,0.25478,0.20957;0.77595,0.24071,0.2054;0.71512,0.23061,0.25104;0.68608,0.24469,0.24884;0.678,0.25913,0.24762;
0.76787,0.38278,-0.00019;0.64837,0.32648,-0.00926;0.59725,0.27329,0.05568;0.55862,0.24476,0.1412;0.52353,0.22897,0.23387;0.73717,0.20092,0.08344;0.62486,0.18835,0.19107;0.56384,0.20575,0.22725;0.53778,0.22405,0.23144;0.77184,0.2147,0.13746;0.66004,0.20211,0.25039;0.59323,0.22163,0.26064;0.5637,0.24186,0.24244;0.78481,0.23644,0.19267;0.68743,0.22226,0.28625;0.63277,0.24084,0.27222;0.60817,0.26181,0.25519;0.79009,0.25895,0.24593;0.72475,0.24677,0.29603;0.68423,0.25454,0.28808;0.66302,0.26586,0.27902;
0.75387,0.33397,-0.00006;0.66347,0.30852,0.01931;0.62073,0.27056,0.07295;0.5842,0.24779,0.13039;0.54019,0.23165,0.18287;0.72333,0.21708,0.11511;0.6283,0.20308,0.17117;0.56826,0.21205,0.18035;0.52414,0.22381,0.18063;0.75082,0.21812,0.13771;0.65319,0.2047,0.21019;0.60674,0.221,0.2215;0.58272,0.23517,0.22479;0.76444,0.23044,0.15667;0.67289,0.21608,0.20506;0.63617,0.23114,0.19406;0.61983,0.24372,0.18722;0.7738,0.24599,0.17837;0.69621,0.23648,0.21286;0.67313,0.24254,0.21101;0.66841,0.24761,0.20965;
0.74908,0.321,-0.00004;0.66873,0.30098,0.03384;0.6301,0.26726,0.09293;0.59324,0.24477,0.1447;0.54641,0.2312,0.18566;0.72906,0.22189,0.16187;0.64606,0.20515,0.20901;0.58866,0.20993,0.21388;0.54599,0.2207,0.21249;0.74432,0.21951,0.16967;0.65086,0.20371,0.22115;0.5977,0.21361,0.21354;0.56787,0.22723,0.21179;0.74983,0.2246,0.17142;0.6599,0.20752,0.19774;0.61562,0.2163,0.17021;0.5941,0.22627,0.1589;0.75511,0.23213,0.17721;0.67946,0.21963,0.19192;0.65129,0.22277,0.17944;0.64171,0.22652,0.17548;
0.80029,0.36256,-0.00011;0.68481,0.31949,-0.01471;0.63463,0.26872,0.03714;0.59586,0.24126,0.10382;0.56659,0.22298,0.17491;0.77358,0.20624,0.07694;0.65714,0.18813,0.15237;0.59471,0.20007,0.17107;0.56237,0.2169,0.17643;0.80739,0.21492,0.12668;0.69856,0.19531,0.21594;0.64037,0.21159,0.23047;0.61379,0.2283,0.22198;0.82003,0.23489,0.17524;0.72905,0.21559,0.24385;0.68031,0.22959,0.23413;0.65619,0.24601,0.22487;0.82419,0.25636,0.22115;0.75524,0.24166,0.26105;0.71935,0.24642,0.25721;0.70055,0.25304,0.25222;
0.80249,0.35192,-0.00012;0.68804,0.31399,-0.00379;0.64059,0.26547,0.05041;0.60244,0.23869,0.11655;0.56743,0.22162,0.18662;0.76828,0.20345,0.08194;0.65571,0.18629,0.15343;0.59342,0.19824,0.17455;0.55742,0.21453,0.18371;0.80546,0.20943,0.12503;0.6932,0.19179,0.20784;0.63292,0.20831,0.22426;0.60087,0.22534,0.22291;0.82257,0.22778,0.16652;0.72676,0.21029,0.22727;0.67689,0.22449,0.2174;0.64973,0.24121,0.20948;0.83046,0.24812,0.20687;0.75337,0.23659,0.24363;0.7162,0.24254,0.2365;0.69695,0.25079,0.22811;
0.83087,0.38342,-0.00009;0.69244,0.31306,-0.02993;0.63039,0.24996,0.02933;0.57961,0.21948,0.10929;0.55397,0.21973,0.20409;0.764,0.18509,0.09831;0.64289,0.16623,0.18492;0.58982,0.1951,0.18312;0.58558,0.21441,0.1619;0.80278,0.20115,0.15392;0.6723,0.18289,0.26483;0.62465,0.21869,0.24753;0.62634,0.24622,0.21502;0.81612,0.22246,0.20808;0.69465,0.20261,0.3027;0.65167,0.23224,0.2686;0.65113,0.25692,0.23957;0.82125,0.24401,0.25747;0.72375,0.23122,0.31474;0.68805,0.24465,0.30152;0.68307,0.25968,0.29089;
0.83721,0.38413,-0.00008;0.69549,0.31381,-0.0369;0.62937,0.25069,0.02397;0.5739,0.22064,0.10977;0.55093,0.22084,0.21121;0.77171,0.18118,0.09198;0.64737,0.1622,0.18781;0.58953,0.19092,0.19117;0.58221,0.21066,0.16898;0.81054,0.19853,0.15331;0.67728,0.1813,0.27209;0.62843,0.21804,0.25819;0.6302,0.24632,0.22387;0.82376,0.22099,0.21349;0.70041,0.20225,0.31281;0.65669,0.233,0.27915;0.65682,0.25815,0.2494;0.82933,0.24383,0.2686;0.732,0.23243,0.3226;0.69699,0.24708,0.30797;0.69357,0.26261,0.29654;
0.80596,0.33437,-0.00005;0.70376,0.3015,0.04691;0.65577,0.26171,0.11546;0.61456,0.24019,0.17598;0.56517,0.22434,0.22713;0.77688,0.21049,0.18338;0.67499,0.19229,0.23575;0.60429,0.19911,0.23091;0.55083,0.21345,0.2233;0.80543,0.21042,0.18789;0.69881,0.18949,0.25844;0.63723,0.20303,0.25476;0.60127,0.21926,0.24949;0.81872,0.22086,0.18659;0.71545,0.19908,0.22767;0.66338,0.21057,0.20336;0.63706,0.22387,0.18982;0.82648,0.23416,0.19087;0.73424,0.21973,0.2217;0.7002,0.22402,0.21278;0.68926,0.22891,0.20582;
0.83537,0.37996,-0.00014;0.71233,0.33268,-0.0267;0.65772,0.27701,0.02885;0.61226,0.24659,0.10229;0.57424,0.22699,0.18146;0.80703,0.20955,0.07821;0.67601,0.18599,0.15238;0.60435,0.19788,0.16801;0.56638,0.21677,0.17282;0.83875,0.21852,0.13639;0.71791,0.19314,0.22767;0.64983,0.21044,0.24055;0.61614,0.22957,0.23049;0.84882,0.23969,0.19153;0.74822,0.21626,0.26049;0.69304,0.23169,0.24526;0.66463,0.25026,0.2332;0.85082,0.26236,0.24295;0.77272,0.24759,0.27993;0.73275,0.25254,0.27113;0.71239,0.25912,0.26258;
0.77273,0.3142,0.00001;0.71514,0.29267,-0.00356;0.67558,0.26384,0.04354;0.62315,0.24553,0.09001;0.55886,0.23701,0.12361;0.76604,0.22816,0.13351;0.68344,0.20501,0.16512;0.61956,0.2077,0.15592;0.57271,0.21864,0.14655;0.76361,0.22225,0.15534;0.66865,0.19927,0.18728;0.60777,0.20783,0.15874;0.5709,0.22224,0.14826;0.75358,0.22284,0.17043;0.66292,0.20104,0.17819;0.60649,0.20645,0.12754;0.57346,0.21456,0.09964;0.74393,0.22454,0.18683;0.66735,0.20788,0.19137;0.63024,0.20842,0.17228;0.60921,0.21045,0.16566;
0.81269,0.37824,-0.00012;0.69625,0.3381,-0.0297;0.64206,0.28605,0.01709;0.59929,0.25528,0.08344;0.55902,0.23567,0.15737;0.78199,0.22384,0.0615;0.65685,0.19934,0.12311;0.5863,0.21183,0.13858;0.54472,0.23042,0.14789;0.81815,0.23083,0.11998;0.70062,0.20412,0.19922;0.63133,0.21976,0.21796;0.59126,0.23836,0.21918;0.83393,0.25133,0.17423;0.73527,0.22608,0.23479;0.67776,0.23823,0.22483;0.64231,0.25552,0.21663;0.84098,0.27339,0.22452;0.76492,0.25579,0.26555;0.72558,0.25817,0.26192;0.70148,0.26527,0.25508;
0.58264,0.5912,-0.00019;0.76316,0.48306,0.14167;0.84986,0.41015,0.25046;0.88898,0.37757,0.34617;0.88907,0.37508,0.44962;0.80969,0.36233,0.36694;0.77243,0.25262,0.51357;0.69461,0.24813,0.5149;0.65916,0.28362,0.49162;0.68881,0.38329,0.36495;0.64319,0.269,0.56149;0.57316,0.26142,0.57845;0.55989,0.29763,0.5482;0.57218,0.41115,0.36268;0.52612,0.32375,0.57697;0.48163,0.3287,0.59681;0.48672,0.36155,0.57537;0.46682,0.43747,0.36621;0.41757,0.36874,0.56122;0.4062,0.36337,0.63621;0.42817,0.37963,0.66822;
0.77187,0.38058,-0.00003;0.70723,0.35598,-0.03957;0.65617,0.31901,-0.01228;0.58844,0.29064,0.03053;0.52624,0.27193,0.07076;0.78308,0.26556,0.06984;0.6655,0.22859,0.09676;0.59037,0.23687,0.09155;0.54047,0.25143,0.0905;0.78628,0.2631,0.1175;0.65675,0.22861,0.1543;0.58628,0.24199,0.13626;0.54856,0.25881,0.12734;0.77553,0.27046,0.15743;0.65362,0.23971,0.17781;0.59311,0.25397,0.13578;0.56446,0.2696,0.11317;0.75943,0.28098,0.19456;0.66083,0.26103,0.2078;0.61726,0.26778,0.19199;0.5971,0.27674,0.18339;
0.74538,0.36515,-0.00003;0.68911,0.36552,-0.11282;0.63326,0.33831,-0.13981;0.56823,0.30441,-0.13334;0.49995,0.28045,-0.13371;0.74258,0.27981,-0.11159;0.62782,0.24036,-0.11513;0.5511,0.24826,-0.11373;0.50083,0.26443,-0.10294;0.75162,0.26528,-0.03644;0.61675,0.23114,-0.04573;0.54446,0.24875,-0.03931;0.50798,0.27085,-0.01625;0.74508,0.26104,0.03173;0.61939,0.23461,0.02031;0.56026,0.25291,0.00317;0.5319,0.26924,0.00128;0.73203,0.26127,0.09377;0.63137,0.24442,0.08106;0.587,0.25778,0.07244;0.56456,0.27065,0.07314;
0.77338,0.32013,-0.00001;0.72302,0.33724,-0.1481;0.6505,0.33032,-0.21211;0.57157,0.31152,-0.22987;0.49481,0.29379,-0.25902;0.71115,0.25597,-0.23571;0.582,0.24993,-0.27152;0.5073,0.26349,-0.27244;0.45927,0.27695,-0.26445;0.71262,0.23481,-0.15063;0.56946,0.23748,-0.18223;0.50555,0.26052,-0.16588;0.47208,0.27971,-0.14047;0.70281,0.22955,-0.07107;0.57172,0.23772,-0.10285;0.53087,0.26214,-0.09301;0.51181,0.27639,-0.08063;0.69285,0.2306,0.00246;0.58959,0.24493,-0.02993;0.56127,0.26548,-0.02312;0.55048,0.2776,-0.00764;
0.82716,0.47995,-0.00018;0.69187,0.43736,-0.04623;0.61285,0.36611,0.00531;0.54891,0.31998,0.07987;0.48204,0.2944,0.16221;0.76171,0.27899,0.02622;0.60891,0.24371,0.0914;0.5256,0.25905,0.11839;0.47661,0.27374,0.13473;0.80487,0.27311,0.09088;0.65204,0.23239,0.1567;0.55844,0.25599,0.16919;0.49943,0.28067,0.17036;0.82262,0.28624,0.15049;0.69037,0.24861,0.19983;0.60949,0.27162,0.18114;0.55717,0.29837,0.17761;0.82729,0.30491,0.20595;0.71741,0.28315,0.23124;0.65737,0.29397,0.21032;0.62134,0.30742,0.19748;
0.72602,0.2714,-0.00006;0.65702,0.28045,0.02741;0.59523,0.28404,0.04406;0.54367,0.28822,0.05297;0.5005,0.29163,0.0529;0.59178,0.24633,0.07798;0.53436,0.27092,0.11848;0.50865,0.28917,0.13772;0.48969,0.30428,0.14906;0.59879,0.24213,0.07765;0.53665,0.26773,0.1265;0.51024,0.28785,0.14483;0.49332,0.30248,0.15688;0.60653,0.24516,0.07734;0.54521,0.26837,0.12108;0.52063,0.28813,0.1339;0.50529,0.30069,0.14348;0.61458,0.25039,0.07723;0.56157,0.27038,0.11151;0.53919,0.2856,0.12823;0.52552,0.29474,0.14028;
0.81681,0.49083,-0.00014;0.6884,0.45703,-0.07302;0.60791,0.38852,-0.04549;0.54028,0.33952,0.0138;0.47123,0.31187,0.08163;0.7556,0.30409,-0.03796;0.60143,0.26467,0.01054;0.51778,0.27765,0.03826;0.46646,0.29018,0.06115;0.80118,0.29354,0.03817;0.64225,0.24871,0.08651;0.5488,0.26861,0.11283;0.48718,0.29107,0.12736;0.81968,0.30308,0.10913;0.683,0.26077,0.14412;0.59983,0.27821,0.1421;0.54366,0.30149,0.15098;0.82377,0.31854,0.17396;0.71149,0.29059,0.19536;0.64916,0.29711,0.18636;0.60868,0.30849,0.18389;
0.70353,0.27828,-0.00002;0.653,0.27997,0.048;0.59662,0.27782,0.07162;0.55491,0.2777,0.08588;0.52016,0.27854,0.09406;0.58545,0.2436,0.06613;0.51748,0.26506,0.09447;0.48831,0.28183,0.10817;0.46925,0.29295,0.11531;0.58538,0.24224,0.05452;0.51721,0.26483,0.08632;0.49017,0.28192,0.09979;0.47432,0.29351,0.10915;0.58782,0.24932,0.04626;0.52108,0.26851,0.07809;0.49989,0.28612,0.09315;0.48949,0.29736,0.10273;0.59186,0.26144,0.04038;0.53423,0.27756,0.06529;0.51236,0.28844,0.07594;0.49947,0.29522,0.08538;
0.80513,0.49835,-0.00017;0.67252,0.47016,-0.09143;0.58951,0.40186,-0.07831;0.52011,0.34889,-0.02486;0.44485,0.32039,0.03596;0.74359,0.31399,-0.09276;0.57733,0.27055,-0.04561;0.49157,0.28423,-0.01345;0.43969,0.29937,0.01186;0.79428,0.30222,-0.00127;0.62172,0.25655,0.0455;0.52744,0.2746,0.08032;0.46537,0.297,0.10176;0.81753,0.31066,0.08585;0.66739,0.26747,0.12332;0.57889,0.28227,0.12883;0.51965,0.30564,0.13825;0.82619,0.32464,0.16606;0.70976,0.29364,0.19073;0.64414,0.29818,0.18795;0.60066,0.3119,0.18782;
0.69631,0.28751,0;0.63709,0.29555,0.04006;0.56525,0.29545,0.06063;0.50913,0.29848,0.07401;0.46269,0.30305,0.07925;0.56308,0.25006,0.07162;0.49084,0.27798,0.09815;0.47728,0.29598,0.10379;0.47448,0.3054,0.1052;0.5673,0.24638,0.06312;0.49307,0.27388,0.09858;0.48131,0.29364,0.10521;0.47986,0.30514,0.10937;0.57412,0.25273,0.05717;0.49852,0.27631,0.08998;0.48887,0.29576,0.10371;0.48957,0.30602,0.11211;0.5802,0.26565,0.0529;0.51304,0.28418,0.08126;0.49605,0.2964,0.09817;0.49045,0.30257,0.11318;
0.82171,0.51612,-0.00014;0.68377,0.48981,-0.11425;0.597,0.42033,-0.11717;0.52805,0.36267,-0.07254;0.45499,0.32894,-0.02087;0.76909,0.33141,-0.13235;0.59763,0.28458,-0.0925;0.50618,0.29557,-0.06536;0.45173,0.3097,-0.03978;0.81947,0.32075,-0.03081;0.63868,0.27112,0.00689;0.53993,0.28666,0.04478;0.47797,0.30612,0.06891;0.84173,0.32947,0.0655;0.69024,0.28132,0.09778;0.59997,0.29106,0.10859;0.53936,0.30957,0.12128;0.84756,0.34357,0.15446;0.73626,0.30778,0.17882;0.67243,0.30803,0.1831;0.62745,0.31654,0.1867;
0.84661,0.5349,-0.00013;0.70647,0.51,-0.12896;0.61295,0.43938,-0.14186;0.53911,0.3796,-0.10418;0.46235,0.34329,-0.06026;0.78909,0.34725,-0.14914;0.61175,0.29776,-0.11317;0.51738,0.31014,-0.08324;0.46244,0.32695,-0.05358;0.84024,0.33764,-0.03826;0.65738,0.28644,-0.00651;0.55759,0.30319,0.03377;0.49836,0.32503,0.06218;0.86258,0.34746,0.06881;0.70958,0.2989,0.10092;0.61618,0.30951,0.11453;0.55538,0.3294,0.12787;0.86797,0.36224,0.16567;0.75597,0.32681,0.19014;0.69019,0.32756,0.19399;0.64445,0.33723,0.19823;
0.85234,0.55706,-0.00013;0.70601,0.53359,-0.12123;0.61531,0.46126,-0.12834;0.54391,0.40002,-0.08672;0.46722,0.36203,-0.0378;0.79243,0.36783,-0.13653;0.61464,0.31689,-0.09826;0.51829,0.32995,-0.06905;0.45991,0.34684,-0.03929;0.84749,0.35826,-0.0269;0.66441,0.30486,0.00962;0.56146,0.32194,0.04763;0.49878,0.34423,0.07405;0.87219,0.36853,0.08006;0.72096,0.31774,0.11816;0.62242,0.3276,0.1314;0.55536,0.3485,0.14435;0.87896,0.38421,0.17761;0.77027,0.34588,0.20723;0.70039,0.34471,0.21098;0.64851,0.35505,0.21477;
0.93076,0.64729,-0.0002;0.72616,0.57474,-0.06655;0.60883,0.48649,-0.00328;0.51992,0.41652,0.09919;0.42834,0.37828,0.22438;0.77857,0.37333,0.02491;0.58467,0.31586,0.14094;0.47999,0.33517,0.2038;0.42672,0.35368,0.23252;0.84273,0.36977,0.12123;0.65092,0.30443,0.23975;0.53143,0.33715,0.2757;0.47034,0.37283,0.28792;0.86939,0.38739,0.2151;0.71541,0.32672,0.31729;0.61667,0.35207,0.32402;0.56005,0.38522,0.32976;0.87803,0.41141,0.30537;0.76639,0.36791,0.36594;0.69384,0.37502,0.35837;0.64885,0.39253,0.35846;
0.96499,0.68126,-0.00014;0.72856,0.59675,-0.05056;0.58444,0.5026,0.03213;0.47458,0.43474,0.14391;0.38537,0.40869,0.27108;0.74196,0.37112,0.13609;0.55862,0.3012,0.27793;0.46091,0.33419,0.31005;0.43586,0.36629,0.30703;0.81277,0.37636,0.23171;0.62006,0.30838,0.42466;0.50622,0.34452,0.44982;0.47167,0.38748,0.42903;0.85516,0.40171,0.31812;0.6926,0.34294,0.48422;0.59916,0.37554,0.47343;0.56606,0.41493,0.44784;0.8811,0.43431,0.39952;0.76159,0.39445,0.50655;0.6928,0.40821,0.52552;0.66215,0.43235,0.52717;
0.84924,0.60181,-0.00015;0.70186,0.58657,-0.13967;0.60268,0.51584,-0.16652;0.52809,0.44769,-0.13742;0.44864,0.40582,-0.10349;0.79364,0.42437,-0.22401;0.60817,0.36756,-0.20264;0.50529,0.37716,-0.17104;0.43885,0.39154,-0.1369;0.85922,0.40178,-0.11012;0.65437,0.3403,-0.09251;0.54313,0.35642,-0.04293;0.47482,0.37743,-0.00154;0.8894,0.40011,0.00341;0.7149,0.34134,0.02084;0.60778,0.35187,0.0434;0.53562,0.3728,0.06926;0.89528,0.4069,0.1077;0.773,0.36149,0.12286;0.69614,0.36245,0.12981;0.64109,0.37627,0.1412;
0.86302,0.61474,-0.00014;0.71462,0.60239,-0.16899;0.61058,0.53018,-0.21173;0.53361,0.45878,-0.18942;0.45041,0.41281,-0.16604;0.81098,0.43265,-0.26997;0.61342,0.36982,-0.2595;0.50268,0.37981,-0.23038;0.43197,0.39707,-0.19266;0.87583,0.41039,-0.14287;0.65728,0.34562,-0.13779;0.5377,0.36056,-0.09128;0.46234,0.38428,-0.05006;0.90258,0.40988,-0.01789;0.71487,0.35174,-0.00811;0.60096,0.3613,0.01229;0.52396,0.38303,0.03482;0.90521,0.41691,0.09492;0.77281,0.37479,0.10289;0.68948,0.37639,0.11019;0.62831,0.39142,0.11981;
0.93443,0.69667,-0.00023;0.73708,0.63938,-0.12095;0.61737,0.53998,-0.08816;0.52829,0.46124,-0.00196;0.4337,0.41406,0.10941;0.81962,0.42169,-0.10156;0.59591,0.35886,-0.02017;0.47498,0.37868,0.04316;0.40974,0.39701,0.08138;0.8844,0.41072,0.02053;0.65899,0.33813,0.09923;0.52644,0.36757,0.14888;0.45204,0.40148,0.1755;0.90665,0.4248,0.13784;0.72125,0.35764,0.20826;0.60413,0.38266,0.22188;0.5325,0.41655,0.24042;0.90648,0.44683,0.24651;0.76455,0.40368,0.29009;0.67857,0.41272,0.28352;0.6242,0.43146,0.2878;
1.01201,0.74929,-0.00018;0.75236,0.65813,-0.07675;0.60522,0.55645,0.01009;0.49333,0.4733,0.14076;0.38467,0.42743,0.30244;0.81026,0.41853,0.08443;0.58041,0.35377,0.22638;0.45489,0.37485,0.29522;0.38949,0.39355,0.32372;0.88428,0.41411,0.20147;0.64892,0.34046,0.33883;0.50303,0.37989,0.37149;0.42643,0.42179,0.37608;0.91319,0.43365,0.30968;0.72138,0.36959,0.42819;0.60307,0.4007,0.42379;0.53527,0.43849,0.42691;0.92522,0.46105,0.4151;0.78464,0.41951,0.48568;0.69514,0.42944,0.4757;0.63774,0.44848,0.47214;
0.88541,0.64314,-0.00015;0.73239,0.62977,-0.21239;0.61838,0.55163,-0.27248;0.53245,0.47206,-0.25429;0.44267,0.41836,-0.24362;0.85335,0.44022,-0.33197;0.62737,0.36956,-0.3411;0.49349,0.37752,-0.32762;0.40311,0.39566,-0.29917;0.91836,0.41913,-0.1829;0.66508,0.34554,-0.19653;0.52895,0.36089,-0.16292;0.4395,0.3867,-0.12641;0.94051,0.42021,-0.03832;0.72499,0.35593,-0.03949;0.60051,0.36311,-0.02223;0.51394,0.38365,-0.00229;0.93827,0.42955,0.09093;0.79137,0.38506,0.08937;0.70093,0.38444,0.09628;0.63012,0.39688,0.10175;
0.87254,0.65035,-0.0001;0.72504,0.64064,-0.25496;0.62171,0.56348,-0.34048;0.53889,0.47809,-0.33612;0.44867,0.41667,-0.34831;0.8795,0.45295,-0.41686;0.64397,0.37253,-0.44097;0.49918,0.37816,-0.42973;0.40417,0.39466,-0.39904;0.94531,0.424,-0.25453;0.67581,0.3402,-0.2916;0.52738,0.35731,-0.25743;0.43114,0.38721,-0.20759;0.96583,0.41731,-0.09487;0.73215,0.3446,-0.1166;0.59452,0.35489,-0.10217;0.50118,0.3765,-0.07987;0.9611,0.41991,0.04477;0.79873,0.37058,0.02297;0.69738,0.37278,0.02491;0.61964,0.38653,0.02918;
0.88881,0.6663,-0.0001;0.72429,0.6589,-0.29332;0.60709,0.58136,-0.3914;0.52044,0.49123,-0.38862;0.41847,0.42377,-0.4047;0.87765,0.4546,-0.46711;0.61936,0.37272,-0.50418;0.45777,0.37614,-0.49702;0.34531,0.39093,-0.46961;0.9418,0.42242,-0.28122;0.64393,0.34032,-0.32821;0.48094,0.36095,-0.28927;0.37355,0.39634,-0.2304;0.95935,0.41477,-0.10348;0.69416,0.34419,-0.13089;0.55235,0.3645,-0.12011;0.45694,0.39341,-0.1;0.95744,0.41618,0.05628;0.76462,0.36911,0.02654;0.66246,0.3833,0.02006;0.58935,0.40757,0.02425;
0.99791,0.79564,-0.00024;0.74558,0.71432,-0.15304;0.58568,0.58536,-0.11011;0.4632,0.4839,-0.00713;0.34491,0.41582,0.12272;0.85847,0.43336,-0.06688;0.56417,0.35028,0.05383;0.40251,0.37276,0.13203;0.31357,0.39637,0.17443;0.93635,0.43174,0.08942;0.64775,0.34206,0.19479;0.46221,0.37477,0.23555;0.355,0.41686,0.24303;0.96019,0.45971,0.23807;0.72345,0.37854,0.33493;0.56129,0.40974,0.33778;0.45857,0.4542,0.34701;0.95894,0.49436,0.37772;0.77889,0.44363,0.4253;0.6626,0.45355,0.40746;0.57989,0.4772,0.39978;
0.99071,0.83097,-0.00013;0.70952,0.72875,-0.21953;0.52063,0.60399,-0.17967;0.34924,0.49606,-0.05484;0.21706,0.42153,0.11574;0.78923,0.41296,-0.10208;0.47349,0.31577,0.01661;0.29637,0.35554,0.04497;0.23802,0.40078,0.02564;0.86475,0.41163,0.0821;0.55441,0.30493,0.19982;0.38119,0.3638,0.18245;0.32873,0.4349,0.14609;0.90538,0.4402,0.26549;0.65077,0.339,0.35752;0.49904,0.38352,0.31616;0.44287,0.43745,0.29116;0.92842,0.47889,0.43295;0.76619,0.41383,0.4666;0.65186,0.42989,0.43353;0.59849,0.45609,0.40064;
0.86818,0.71302,-0.00011;0.67831,0.70228